 Data =[0.999482,-0.0306349,-0.00786931,0.0311725,0.996687,0.0744756,0.00552821,-0.0745894,0.997133;
0.993113,-0.0753969,-0.0895796,0.0641245,0.990312,-0.123026,0.097995,0.116491,0.988437;
0.963764,-0.203356,0.173134,0.207897,0.978173,-0.00823337,-0.167716,0.0439715,0.984909;
0.964025,-0.200892,0.174409,0.191597,0.979135,0.0687551,-0.184559,-0.0328725,0.982397;
0.998934,0.0221678,-0.043064,-0.0273839,0.991737,-0.126,0.0398493,0.127201,0.991153;
0.960384,-0.207443,0.18653,0.19635,0.977642,0.0765232,-0.198228,-0.036791,0.979463;
0.9736,-0.190086,0.126041,0.202384,0.974888,-0.0929191,-0.105243,0.115957,0.98755;
0.998336,0.0104467,0.0569254,-0.00728362,0.998493,-0.0556825,-0.0574256,0.055131,0.996867;
0.979367,-0.00623274,-0.202421,0.000997052,0.999699,-0.0262095,0.202403,0.0255713,0.978953;
0.995696,0.0217175,0.089062,-0.0185106,0.999097,-0.0367113,-0.0898191,0.0348923,0.995256;
0.952391,0.200882,-0.229395,-0.171554,0.974965,0.141634,0.252146,-0.0955217,0.96304;
0.998943,0.0355405,-0.0336124,-0.0349612,0.999336,0.0173742,0.0341954,-0.016094,0.999401;
0.993768,0.0609611,0.0928311,-0.0544093,0.995938,-0.0715034,-0.0968396,0.0660049,0.993055;
0.974294,0.0506996,-0.219971,-0.0448305,0.998539,0.0312501,0.22111,-0.0204159,0.975045;
0.995269,-0.0467252,-0.0850054,0.0376766,0.993574,-0.105867,0.0893108,0.10239,0.990638;
0.993102,0.0640294,-0.0979893,-0.0720669,0.994145,-0.0807661,0.0922462,0.0872291,0.991919;
0.997358,0.043495,-0.0579961,-0.0423593,0.998818,0.0211165,0.0588672,-0.0186056,0.998112;
0.98358,0.119218,-0.136668,-0.122109,0.992544,-0.0134908,0.133901,0.0301109,0.990551;
0.999918,-0.00545215,-0.00953773,0.00482323,0.997564,-0.0686335,0.00984926,0.0686927,0.997511;
0.976761,0.145981,-0.157018,-0.147401,0.989107,0.00237198,0.155577,0.0208714,0.987631;
0.959923,-0.0745602,0.269865,0.0829236,0.996266,-0.0196681,-0.267426,0.0412942,0.96264;
